Collecting gyro data, hold still
gyro offsets
75, 31, 142

rotate slowly and carefully in 3D
-671, 4977, 13912, 206, 1864, -2938
-297, 7107, 14290, 300, 1668, -2814
762, 9235, 13350, 601, 1143, -2555
1876, 11039, 11637, 951, 632, -2244
3447, 12954, 9675, 1148, 357, -1786
4298, 14689, 6843, 1475, -71, -1204
3243, 15437, 4635, 1429, -377, -786
3345, 15124, 2329, 1275, -534, -456
3895, 15702, -1008, 1327, -605, 223
3728, 14309, -5592, 1165, -487, 854
3835, 14976, 2620, 1411, -120, 1422
6244, 12829, -11105, 1730, 224, 1795
1228, 8360, -13442, 1075, -23, 2810
1664, 3178, -15947, 999, 1282, 3302
773, -2329, -16587, 889, 2108, 3458
-186, -7386, -16038, 736, 2958, 3382
228, -9399, -14728, 475, 3752, 3258
495, -13707, -8836, 412, 4738, 2388
45, -15108, -5487, 528, 5068, 1703
349, -17055, -857, 481, 5472, 754
1303, -16470, 963, 660, 5437, 277
4107, -14396, 5766, 1124, 4842, -695
5901, -12243, 10064, 1449, 3791, -1606
6228, -9601, 12248, 1429, 3014, -1970
6359, -5547, 14224, 1200, 2009, -2413
3287, -4975, 15546, 448, 1754, -2880
817, -4668, 15382, -433, 1663, -3018
266, -3634, 15635, -1024, 1547, -3057
-28, -3403, 15781, -1227, 1529, -3070
-2384, -1726, 16175, -1870, 1159, -2871
-1353, -469, 15805, -1953, 1155, -2888
-927, -575, 16107, -2097, 1190, -2847
-2050, -1298, 16521, -2395, 1606, -2783
2547, -2796, 15782, -1891, 2370, -3027
2701, -2394, 15232, -1709, 2451, -3037
2968, -4114, 15135, -1679, 3048, -2963
1862, -2702, 16392, -1967, 3275, -2880
2651, -2702, 16000, -1547, 3554, -2776
3075, -2189, 16481, -1373, 3686, -2678
3580, -779, 15804, -1047, 3748, -2828
915, -1001, 16523, -665, 3723, -2772
2262, 276, 16007, -598, 3702, -2809
318, 489, 15443, -949, 3750, -2764
-6697, 146, 14703, -2115, 3697, -2564
-10473, -961, 12196, -2683, 3701, -2208
-13270, -1509, 9770, -3017, 3907, -1983
-16234, 1985, 7019, -3935, 3314, -1509
-16380, 4485, 169, -4352, 2662, -583
-15028, 5787, -3959, -4543, 2248, 194
-13445, 6653, -6654, -4486, 2132, 886
-11308, 6005, -10183, -4144, 2091, 1761
-7362, 5695, -13714, -3654, 1868, 2530
-3646, 8666, -15093, -3085, 1143, 2890
448, 9211, -14090, -2455, 382, 2924
-1589, 6592, -16805, -2483, 501, 2927
-3441, 7141, -13549, -2926, 422, 2547
-6504, 8224, -14932, -3416, 325, 2013
-10136, 8449, -10838, -3709, 222, 1079
-13555, 6877, -6612, -3983, 494, 131
-15477, 6283, -2901, -3862, 670, -857
-16212, 6198, -1233, -3728, 580, -999
-15537, 4991, 70, -3620, 486, -1127
-14342, 6057, -43, -3307, 8, -1006
-15180, 6752, -2007, -3255, -227, -604
-13820, 8870, -2585, -2926, -622, -318
-13615, 10134, -2808, -2735, -770, -208
-12235, 10501, -3172, -2402, -987, -10
-11512, 11728, -3518, -2104, -1201, 251
-10504, 12699, -4043, -1702, -1315, 468
-8773, 13569, -4771, -1220, -1362, 843
-7512, 13952, -6266, -949, -1320, 1182
-6156, 14170, -6473, -619, -1235, 1275
-4802, 13774, -8054, -287, -1078, 1669
-3566, 13547, -8999, -14, -833, 2029
-4, 13989, -9977, 607, -383, 2397
-241, 11762, -11956, 753, 102, 2746
2506, 10362, -13001, 1067, 796, 3010
4110, 10370, -17183, 1208, 1417, 3121
3912, 5279, -14218, 1133, 2078, 3285
2972, 1580, -16653, 828, 2843, 3348
3755, -810, -16063, 614, 3614, 3223
2363, -4210, -16095, 287, 4243, 2935
2720, -7139, -15879, 398, 4570, 2580
2497, -8810, -14939, 573, 4627, 2371
2430, -9775, -12293, 542, 4805, 1994
990, -12057, -9848, 289, 5127, 1379
-1506, -13355, -8559, -290, 5431, 965
-4108, -13992, -7798, -737, 5506, 646
-5290, -13061, -6173, -1018, 5509, 475
-5720, -13794, -3850, -1148, 5483, 123
-8108, -14214, -3758, -1536, 5636, 42
-8722, -13432, -3171, -1857, 5537, -201
-6745, -14061, -3647, -1721, 5635, -306
-2839, -15851, -1133, -1296, 5634, -726
139, -16354, -1906, -935, 5727, -579
2894, -15923, -2657, -269, 5558, -712
7544, -15189, -1145, 544, 5104, -895
8039, -13027, -2210, 594, 5195, -649
12684, -10169, -1826, 1038, 4986, -239
14841, -5074, 1112, 1648, 4351, -506
15915, -2190, 3618, 1828, 3685, -1120
15584, 5, 6553, 1494, 3236, -1968
12673, 920, 10132, 878, 2683, -2600
10666, 2392, 10614, 361, 2285, -2891
8925, 4571, 13082, -33, 1679, -2961
8475, 7751, 11354, -99, 969, -2832
10244, 8925, 8422, 122, -52, -2340
9833, 12299, 4931, 200, -703, -1659
9680, 13065, 1912, 130, -1060, -956
9497, 13924, 341, 142, -1270, -397
8994, 13832, 1254, -47, -1357, -332
9730, 13648, -337, -135, -1309, -32
5918, 11880, 2258, -95, -1267, 171
9278, 12586, -748, 44, -1452, 532
8579, 14202, -1753, -236, -1388, 1054
6473, 14409, -3709, -747, -1230, 1595
3295, 15611, -6753, -1287, -840, 2194
1661, 15062, -6807, -1802, -556, 2339
-1130, 16213, -6581, -1526, -286, 2742
2582, 13964, -8132, -1140, -149, 2937
3970, 14007, -8328, -901, -59, 3048
4399, 13294, -8565, -607, 174, 3215
5260, 13466, -7859, 182, 26, 3236
7076, 11048, -8755, 578, 375, 3295
6511, 11249, -11086, 614, 816, 3456
5795, 10615, -11312, 661, 1099, 3480
7216, 10336, -11583, 995, 1263, 3325
6777, 10197, -10026, 1521, 1143, 2929
8471, 10549, -9396, 1740, 1097, 2691
8599, 10397, -8118, 2173, 1109, 2044
11378, 10349, -7554, 2416, 1050, 1503
10938, 8887, -8009, 2484, 1116, 1361
10090, 7125, -9671, 2411, 1154, 1455
10742, 7207, -10294, 2384, 1154, 1515
9406, 6648, -10673, 2376, 835, 1480
10110, 8281, -10114, 2289, 569, 1367
9002, 8425, -11021, 2050, 273, 1427
5609, 11472, -10467, 1450, -258, 1421
1816, 13223, -9651, 719, -798, 1421
-2776, 14780, -7019, 71, -1161, 1012
-3937, 15356, -2063, -247, -1359, 295
-4927, 14678, 2773, -250, -1288, -388
-3768, 14854, 5258, -96, -1152, -529
-2023, 13817, 7006, 339, -1124, -490
1800, 14547, 7208, 758, -1093, -68
2341, 14919, 5229, 675, -1162, 334
4218, 14618, 4581, 820, -1135, 736
5494, 14813, 4286, 889, -1011, 975
7887, 13516, 1585, 1089, -673, 1405
8540, 13521, 2368, 1059, -642, 1501
9750, 12937, -111, 951, -637, 1761
8207, 15391, 1705, 757, -724, 1870
8571, 13896, -428, 584, -798, 1951
9873, 14690, -127, 457, -833, 1821
9635, 13539, -1867, 371, -938, 1817
8879, 13696, 41, 409, -943, 1738
9429, 13243, -1314, 365, -906, 1699
9285, 12986, -1176, 184, -1011, 1645
9812, 12429, -2763, 246, -874, 1858
11617, 11799, -5321, 277, -661, 2184
11707, 9953, -6676, 361, -452, 2393
11411, 9004, -6894, 398, -442, 2368
12114, 7512, -7693, 577, -226, 2517
12285, 2923, -9733, 711, 422, 3029
12497, 2491, -11011, 723, 635, 3164
11321, -1538, -11367, 702, 1503, 3491
9818, -5025, -11058, 541, 2392, 3626
8498, -10700, -10011, 273, 3404, 3477
7525, -11692, -8145, -220, 4501, 2985
6592, -17040, -3096, -298, 4930, 2559
8606, -13779, 2320, -394, 5709, 1175
7258, -12067, 6424, 75, 5561, 228
6812, -8480, 11304, 595, 5033, -907
2797, -2297, 15601, 473, 3767, -2357
1180, 2375, 15727, 191, 3077, -2811
1493, 5927, 14369, 218, 2261, -2868
2221, 10227, 12109, 626, 1161, -2555
6278, 12059, 8888, 1746, 588, -1474
9087, 11830, 2619, 2342, 654, -193
12145, 11229, -2023, 2515, 1101, 892
12089, 9490, -3203, 2479, 1351, 1164
13950, 8950, -6692, 2438, 1805, 1573
10733, 5228, -10905, 2283, 2095, 2119
9888, 4656, -13010, 1679, 2526, 2785
5792, 1649, -16578, 886, 3123, 3276
2951, 36, -17526, 96, 3608, 3367
-359, -830, -16092, -780, 3908, 3452
-4271, -2200, -16705, -1492, 4055, 3274
-6245, -2053, -15241, -2087, 4156, 2990
-9131, -1848, -13786, -2738, 4280, 2698
-12150, -1832, -11225, -3330, 4234, 2233
-12666, -55, -10390, -3906, 3918, 1736
-12466, 4107, -11252, -4338, 2506, 1575
-11294, 5682, -10499, -4225, 1844, 1635
-10269, 5132, -11177, -4162, 1757, 1705
-9533, 5986, -11923, -4017, 1644, 1924
-7376, 5320, -13687, -3725, 1400, 2337
-6099, 6252, -14525, -3386, 1109, 2490
-7880, 4202, -15169, -3465, 969, 2228
-8788, 2919, -14145, -3547, 960, 2200
-9398, 195, -14221, -3541, 1261, 2366
-8932, -1075, -13526, -3560, 1506, 2428
-9037, -3677, -12877, -3682, 1967, 2375
-10099, -5967, -11812, -3825, 2537, 2251
-10097, -7870, -9972, -3956, 2815, 2080
-10331, -11453, -6198, -4040, 3584, 1524
-9954, -13023, -5558, -4030, 3866, 1219
-8436, -14101, -1693, -4011, 4408, 632
-7036, -15028, 3344, -3661, 4672, -355
-3964, -12474, 8542, -3345, 4540, -1427
1218, -11113, 10034, -2196, 4287, -2358
6251, -8919, 13181, -1246, 3808, -2825
5613, -6925, 12009, -905, 3207, -3011
11894, 2467, 15546, -938, 2609, -3106
9374, -251, 12804, 59, 1444, -2715
10282, 1979, 12394, 199, 740, -2422
8731, 6101, 12336, -65, -32, -2086
7345, 8817, 11086, -558, -442, -1676
5529, 12294, 7705, -919, -1004, -820
5120, 14701, 6067, -1215, -1108, -581
1702, 14930, 4942, -1911, -951, -406
-916, 15753, 4025, -2506, -728, -193
-1455, 15756, 5350, -2623, -581, -734
-1801, 15567, 4595, -2832, -341, -944
-2448, 13590, 7700, -2995, 154, -1566
-2919, 11622, 11183, -2993, 813, -2123
-2952, 8331, 12678, -2913, 1390, -2445
-2569, 6924, 15327, -2590, 1867, -2746
2402, 4400, 15328, -1881, 2317, -3011
5163, 1127, 16582, -1204, 2740, -3108
6037, -245, 15067, -1046, 3109, -3020
5102, -3473, 12054, -1309, 3816, -2859
6369, -3974, 13922, -1023, 3986, -2767
7839, -4277, 14656, -746, 3913, -2705
9050, -3385, 12004, -194, 3992, -2553
8852, -609, 12379, -11, 3754, -2635
6660, 1820, 14475, -402, 3381, -2871
3813, 3780, 16021, -923, 3010, -3083
1105, 5724, 13707, -1352, 2322, -3132
-359, 7165, 14066, -1605, 1927, -3031
-1000, 7813, 14427, -1778, 1842, -3018
230, 8271, 12675, -1913, 1458, -2905
-97, 9781, 12919, -2039, 1329, -2815
-1959, 10660, 12544, -2477, 1148, -2593
-4970, 12772, 9361, -2955, 790, -2066
-4972, 12803, 10481, -3178, 678, -1819
-7522, 11504, 8085, -3719, 613, -1024
-9521, 12951, 2668, -4003, 687, -127
-9766, 12822, 974, -4061, 728, 360
-11483, 12623, -2608, -4091, 932, 1005
-11827, 11707, -6571, -4058, 1147, 1390
-12911, 7555, -7801, -3848, 1913, 2037
-15872, 2355, -6095, -4246, 3326, 1318
-15665, -3491, -1329, -4115, 4474, 377
-14077, -7223, 3321, -3315, 5151, -418
-11908, -10345, 4451, -2618, 5509, -490
-9442, -11327, 7225, -1597, 5446, -1011
-4739, -9061, 11953, -768, 4891, -1791
-1078, -4958, 15505, 209, 3770, -2487
2892, -436, 15930, 1253, 2673, -2326
424, 2633, 16509, 811, 2084, -2617
-280, 7580, 14815, 489, 1065, -2627
-3620, 10205, 11885, -209, 572, -2566
-3805, 10679, 9390, -822, 581, -2696
-10114, 10373, 11000, -1864, 921, -2750
-9601, 11711, 7015, -2716, 979, -2361
-11113, 12433, 5841, -3356, 1088, -1964
-9374, 11362, 6172, -3590, 1294, -1912
-11084, 11498, 5356, -4105, 1425, -1061
-12491, 10352, 3344, -4241, 1361, -504
-12241, 10371, 2360, -4336, 1561, -25
-14608, 6401, -941, -4238, 2237, 978
-14756, 5107, -6880, -3935, 2665, 1929
-12755, 5078, -9250, -3525, 2569, 2613
-12333, 6530, -10126, -3247, 2330, 2988
-10482, 7658, -9839, -2886, 1817, 3205
-5584, 12582, -10529, -1283, 626, 3475
-3189, 11312, -8491, -376, -72, 3163
-1590, 11862, -9080, -50, -204, 2897
-1738, 14094, -8618, 239, -530, 2442
-2883, 14713, -7260, 299, -859, 2004
-5111, 15316, -5655, -252, -1207, 1505
-5954, 14653, -5395, -568, -1243, 1072
-4728, 14276, -3615, -1102, -1271, 696
-9188, 10946, -5762, -1819, -1129, 922
-9543, 6819, -11676, -1876, -839, 1724
-4844, 8018, -14355, -1605, -745, 2234
258, 7088, -15129, -1121, -606, 2501
1387, 6608, -13378, -693, -824, 2385
5691, 6144, -13700, -90, -638, 2507
5715, 4270, -13846, -50, -304, 2832
6864, 371, -15261, 84, 506, 3451
8300, -344, -14544, 329, 744, 3554
9748, -2596, -13606, 761, 1240, 3510
10978, -7577, -9238, 1332, 2320, 3204
9489, -12759, -6635, 1036, 3718, 2866
11464, -12149, -264, 1669, 4152, 1852
-4945, -8596, 21514, 1822, 4326, -80
5235, -9728, 11788, 1451, 4244, -1154
3803, -5934, 14724, 1250, 3695, -1878
167, -533, 16224, 768, 2621, -2665
